
 7

(((human: 0.063470, (chimpanzee: 0.025795, bonobo: 0.021466): 0.036121): 0.022172, gorilla: 0.075455): 0.044009, (orangutan: 0.041174, sumatran: 0.044070): 0.078475, gibbon: 0.152195);

  0.044009  0.022172  0.063470  0.036121  0.025795  0.021466  0.075455  0.078475  0.041174  0.044070  0.152195

  0.000000  0.000000  0.000000  0.000000  0.000000  0.000000  0.000000  0.000000  0.000000  0.000000  0.000000


Hessian

 -8.056e+04      -2774       2205       1394       4817       2726       3194      -8864       5919       6470     -210.9
      -2774 -1.832e+05       2539     -748.2      553.3      -1582 -1.813e+04       1315  1.156e+04   1.12e+04       3262
       2205       2539 -9.419e+04 -1.122e+04       6249       4242       3921       2577       9429       5285       4353
       1394     -748.2 -1.122e+04 -1.576e+05  1.314e+04       9667       1601       5062       4614       5863       2698
       4817      553.3       6249  1.314e+04 -2.809e+05 -4.743e+04       1010       5004       6127       7060       5499
       2726      -1582       4242       9667 -4.743e+04 -3.286e+05     -559.9       5139       7189       9235       6564
       3194 -1.813e+04       3921       1601       1010     -559.9 -7.149e+04       4209       6217       9031       2967
      -8864       1315       2577       5062       5004       5139       4209 -5.361e+04       5225       5937       3143
       5919  1.156e+04       9429       4614       6127       7189       6217       5225 -1.426e+05 -3.143e+04       5743
       6470   1.12e+04       5285       5863       7060       9235       9031       5937 -3.143e+04 -1.355e+05       5153
     -210.9       3262       4353       2698       5499       6564       2967       3143       5743       5153 -2.737e+04
